1.000000000000000000e+00 3.219206094741821289e+00 9.924141883850097656e+00
1.000000000000000000e+00 3.233691930770874023e+00 1.010843372344970703e+01
1.000000000000000000e+00 3.254473924636840820e+00 1.051781845092773438e+01
1.000000000000000000e+00 3.245440959930419922e+00 1.072770786285400391e+01
1.000000000000000000e+00 3.245683908462524414e+00 1.105159854888916016e+01
1.000000000000000000e+00 3.224308967590332031e+00 1.136948966979980469e+01
1.000000000000000000e+00 3.216957092285156250e+00 1.180338001251220703e+01
1.000000000000000000e+00 3.205319881439208984e+00 1.200927066802978516e+01
1.000000000000000000e+00 3.179203033447265625e+00 1.236054229736328125e+01
1.000000000000000000e+00 3.167345046997070312e+00 1.282081317901611328e+01
1.000000000000000000e+00 3.151807069778442383e+00 1.305908393859863281e+01
1.000000000000000000e+00 3.131098031997680664e+00 1.352135372161865234e+01
1.000000000000000000e+00 3.116610050201416016e+00 1.376762485504150391e+01
1.000000000000000000e+00 3.101356029510498047e+00 1.415311813354492188e+01
1.000000000000000000e+00 3.029678106307983398e+00 1.463562583923339844e+01
1.000000000000000000e+00 2.996056079864501953e+00 1.490112590789794922e+01
1.000000000000000000e+00 2.959714889526367188e+00 1.528362560272216797e+01
1.000000000000000000e+00 2.937154054641723633e+00 1.577412605285644531e+01
1.000000000000000000e+00 2.822365999221801758e+00 1.603758811950683594e+01
1.000000000000000000e+00 2.726918935775756836e+00 1.641305160522460938e+01
1.000000000000000000e+00 2.627422094345092773e+00 1.690151214599609375e+01
1.000000000000000000e+00 2.519573926925659180e+00 1.716597557067871094e+01
1.000000000000000000e+00 2.416796922683715820e+00 1.755343627929687500e+01
1.000000000000000000e+00 2.256211996078491211e+00 1.808718490600585938e+01
1.000000000000000000e+00 2.109646081924438477e+00 1.841293144226074219e+01
1.000000000000000000e+00 1.949321031570434570e+00 1.883967781066894531e+01
1.000000000000000000e+00 1.802503943443298340e+00 1.938242530822753906e+01
1.000000000000000000e+00 1.646909952163696289e+00 1.970817184448242188e+01
1.000000000000000000e+00 1.475594997406005859e+00 2.024393653869628906e+01
1.000000000000000000e+00 1.293208956718444824e+00 2.056070137023925781e+01
1.000000000000000000e+00 1.114070057868957520e+00 2.098146438598632812e+01
1.000000000000000000e+00 9.365590214729309082e-01 2.151622962951660156e+01
1.000000000000000000e+00 7.473580241203308105e-01 2.182899475097656250e+01
1.000000000000000000e+00 5.728579759597778320e-01 2.221069717407226562e+01
1.000000000000000000e+00 3.903659880161285400e-01 2.269039916992187500e+01
1.000000000000000000e+00 1.950049996376037598e-01 2.296010208129882812e+01
1.000000000000000000e+00 5.322400107979774475e-02 2.334170532226562500e+01
1.000000000000000000e+00 -8.913700282573699951e-02 2.383331108093261719e+01

